X y
-2.000000000000000000e+00 1.098028491806739337e+00
-1.989989989989989994e+00 7.320564343123040496e-01
-1.979979979979979987e+00 1.218643152890445336e+00
-1.969969969969969981e+00 1.758862958889860106e+00
-1.959959959959959974e+00 7.195680352260582779e-01
-1.949949949949949968e+00 7.345929009055665038e-01
-1.939939939939939961e+00 1.837617779394524753e+00
-1.929929929929929955e+00 1.365565942596850046e+00
-1.919919919919919948e+00 6.384354885591486672e-01
-1.909909909909909942e+00 1.260671161286713637e+00
-1.899899899899899935e+00 6.720995344626725654e-01
-1.889889889889889929e+00 6.857273130230108205e-01
-1.879879879879879923e+00 1.125357543119800408e+00
-1.869869869869869916e+00 -1.527729515994837861e-01
-1.859859859859859910e+00 -2.474048929760974680e-02
-1.849849849849849903e+00 6.878527076806413287e-01
-1.839839839839839897e+00 4.325415680395857665e-01
-1.829829829829829890e+00 1.243803654812419390e+00
-1.819819819819819884e+00 5.254558249575433937e-01
-1.809809809809809877e+00 2.379030644841100273e-01
-1.799799799799799871e+00 1.979689561653232399e+00
-1.789789789789789864e+00 9.798495350233936696e-01
-1.779779779779779858e+00 1.170847253143084243e+00
-1.769769769769769852e+00 2.904964336172709549e-01
-1.759759759759759845e+00 8.337307256452504145e-01
-1.749749749749749839e+00 1.241928929201294718e+00
-1.739739739739739832e+00 4.997942439370084422e-01
-1.729729729729729826e+00 1.430824216412808214e+00
-1.719719719719719819e+00 8.600372064691370610e-01
-1.709709709709709813e+00 1.060419185559469124e+00
-1.699699699699699806e+00 8.894264831128120274e-01
-1.689689689689689800e+00 2.376832376170827654e+00
-1.679679679679679793e+00 1.272382145637719786e+00
-1.669669669669669787e+00 6.608689381219552406e-01
-1.659659659659659781e+00 1.804037457772423636e+00
-1.649649649649649774e+00 5.930193355429118629e-01
-1.639639639639639768e+00 1.465858697543393374e+00
-1.629629629629629761e+00 1.797534812276899707e-01
-1.619619619619619755e+00 5.736589412315119541e-01
-1.609609609609609748e+00 1.503702327107059311e+00
-1.599599599599599742e+00 1.843680548597846469e+00
-1.589589589589589513e+00 1.518436584329597938e+00
-1.579579579579579507e+00 1.361241661197686303e+00
-1.569569569569569500e+00 1.264983428292072443e+00
-1.559559559559559494e+00 5.735474664402042677e-01
-1.549549549549549488e+00 1.043769150638850451e+00
-1.539539539539539481e+00 1.214307428114818288e+00
-1.529529529529529475e+00 2.139979041437054974e+00
-1.519519519519519468e+00 1.726891694461797577e+00
-1.509509509509509462e+00 4.779116425180953698e-01
-1.499499499499499455e+00 1.745201132387627752e+00
-1.489489489489489449e+00 1.334716397515975927e+00
-1.479479479479479442e+00 1.174627580597205512e+00
-1.469469469469469436e+00 1.962801569100316446e+00
-1.459459459459459429e+00 2.229410524308381270e+00
-1.449449449449449423e+00 2.184593897295544984e+00
-1.439439439439439417e+00 1.137310326907257751e+00
-1.429429429429429410e+00 1.470328430345127169e+00
-1.419419419419419404e+00 1.869628929713009313e+00
-1.409409409409409397e+00 2.271212962159301352e+00
-1.399399399399399391e+00 1.413396358193726776e+00
-1.389389389389389384e+00 1.604520529917625504e+00
-1.379379379379379378e+00 1.067129946527313855e+00
-1.369369369369369371e+00 1.028221971497543574e+00
-1.359359359359359365e+00 2.248476454397479785e+00
-1.349349349349349358e+00 2.589719993118469787e+00
-1.339339339339339352e+00 1.747784918042790681e+00
-1.329329329329329346e+00 2.408125744741220320e+00
-1.319319319319319339e+00 2.038002636049601524e+00
-1.309309309309309333e+00 1.448964183272961392e+00
-1.299299299299299326e+00 2.067888414356099158e+00
-1.289289289289289320e+00 2.788888005945647564e+00
-1.279279279279279313e+00 1.859585457615110071e+00
-1.269269269269269307e+00 2.834882289584499393e+00
-1.259259259259259300e+00 3.392640486572644498e-01
-1.249249249249249294e+00 2.419267628751260446e+00
-1.239239239239239287e+00 1.993369382084043906e+00
-1.229229229229229281e+00 1.776751745876635313e+00
-1.219219219219219275e+00 2.026227637092472555e+00
-1.209209209209209268e+00 7.936448374256503957e-01
-1.199199199199199262e+00 1.869398068498693943e+00
-1.189189189189189033e+00 2.230483759123264242e+00
-1.179179179179179027e+00 2.917967658076141113e+00
-1.169169169169169020e+00 1.735284115282058170e+00
-1.159159159159159014e+00 1.576165099525348889e+00
-1.149149149149149007e+00 1.775222050125554674e+00
-1.139139139139139001e+00 2.640532561912535936e+00
-1.129129129129128994e+00 2.303556972102117406e+00
-1.119119119119118988e+00 1.803465199061098367e+00
-1.109109109109108982e+00 2.444296796204350031e+00
-1.099099099099098975e+00 2.209597880960175953e+00
-1.089089089089088969e+00 2.747553360686100010e+00
-1.079079079079078962e+00 1.760149525054970132e+00
-1.069069069069068956e+00 1.999799108437735784e+00
-1.059059059059058949e+00 1.976146519532117063e+00
-1.049049049049048943e+00 1.348317457547155485e+00
-1.039039039039038936e+00 2.419113607680187350e+00
-1.029029029029028930e+00 2.413089619764390292e+00
-1.019019019019018923e+00 2.274539545456948364e+00
-1.009009009009008917e+00 2.145734206461398230e+00
-9.989989989989989105e-01 1.452279056271253310e+00
-9.889889889889889041e-01 2.064129322857301219e+00
-9.789789789789788976e-01 2.125902821615469840e+00
-9.689689689689688912e-01 1.865180185013575409e+00
-9.589589589589588847e-01 2.264790134561956325e+00
-9.489489489489488783e-01 2.619007090665299575e+00
-9.389389389389388718e-01 3.523303132317909814e+00
-9.289289289289288654e-01 2.511353294305710193e+00
-9.189189189189188589e-01 2.576151856055280298e+00
-9.089089089089088525e-01 2.391969087176936348e+00
-8.988988988988988460e-01 1.300388922472226927e+00
-8.888888888888888395e-01 2.450758341397136775e+00
-8.788788788788788331e-01 2.517819807646297647e+00
-8.688688688688688266e-01 3.974641964187868304e+00
-8.588588588588588202e-01 2.396295132843038189e+00
-8.488488488488488137e-01 2.707655132126894237e+00
-8.388388388388388073e-01 2.520914679918595969e+00
-8.288288288288288008e-01 1.855549934185037664e+00
-8.188188188188187944e-01 3.257465460480784003e+00
-8.088088088088087879e-01 3.037946606398851390e+00
-7.987987987987987815e-01 3.076420970027629931e+00
-7.887887887887887750e-01 2.071184343939973527e+00
-7.787787787787787686e-01 3.473508418393491226e+00
-7.687687687687687621e-01 1.805736209171478368e+00
-7.587587587587587556e-01 3.013976118142024152e+00
-7.487487487487487492e-01 3.991150252362864137e+00
-7.387387387387387427e-01 2.097570096813479168e+00
-7.287287287287287363e-01 2.367128269145243991e+00
-7.187187187187187298e-01 2.781712740974506826e+00
-7.087087087087087234e-01 2.434851544467217632e+00
-6.986986986986987169e-01 1.821553893312272354e+00
-6.886886886886887105e-01 2.808104751850583281e+00
-6.786786786786787040e-01 2.144599753746319060e+00
-6.686686686686686976e-01 3.081152455378105781e+00
-6.586586586586586911e-01 2.260357471471730051e+00
-6.486486486486486847e-01 3.756987670037550853e+00
-6.386386386386386782e-01 2.372090066640299977e+00
-6.286286286286286717e-01 2.663820147333651800e+00
-6.186186186186186653e-01 3.360182402493873788e+00
-6.086086086086086588e-01 2.148568497226714058e+00
-5.985985985985986524e-01 3.038578062864579543e+00
-5.885885885885886459e-01 3.701402769686573890e+00
-5.785785785785786395e-01 1.967642191395395646e+00
-5.685685685685686330e-01 3.057927462266529783e+00
-5.585585585585586266e-01 3.118091838711216202e+00
-5.485485485485486201e-01 3.446270900243562973e+00
-5.385385385385386137e-01 2.250021765665342954e+00
-5.285285285285286072e-01 2.214933239356641437e+00
-5.185185185185186008e-01 3.335387161592360705e+00
-5.085085085085085943e-01 3.215428041177148977e+00
-4.984984984984985878e-01 3.202547962459778130e+00
-4.884884884884885814e-01 3.275136192965452775e+00
-4.784784784784785749e-01 2.674267449335187674e+00
-4.684684684684685685e-01 3.236649515593899462e+00
-4.584584584584585620e-01 3.288155796291520883e+00
-4.484484484484485556e-01 2.698716476511506368e+00
-4.384384384384385491e-01 4.261807049029195937e+00
-4.284284284284285427e-01 3.441657109904429745e+00
-4.184184184184185362e-01 2.457590274050783119e+00
-4.084084084084085298e-01 3.581319552567685083e+00
-3.983983983983985233e-01 2.617593400266009507e+00
-3.883883883883882948e-01 3.689668179662888292e+00
-3.783783783783782884e-01 3.927589779836874850e+00
-3.683683683683682819e-01 2.755038056436421190e+00
-3.583583583583582755e-01 3.840488140009055584e+00
-3.483483483483482690e-01 3.525146033639376064e+00
-3.383383383383382625e-01 3.785728588489186475e+00
-3.283283283283282561e-01 4.445583297099875431e+00
-3.183183183183182496e-01 3.175289652920799899e+00
-3.083083083083082432e-01 2.885295838923043643e+00
-2.982982982982982367e-01 2.818843894777238290e+00
-2.882882882882882303e-01 2.878081396588304308e+00
-2.782782782782782238e-01 3.336321556934120025e+00
-2.682682682682682174e-01 3.602288782487583330e+00
-2.582582582582582109e-01 3.578627092210624028e+00
-2.482482482482482045e-01 3.923937577049241732e+00
-2.382382382382381980e-01 3.450443777769386600e+00
-2.282282282282281916e-01 4.329778103952047985e+00
-2.182182182182181851e-01 3.313878572729898941e+00
-2.082082082082081786e-01 5.119789187641458739e+00
-1.981981981981981722e-01 3.878103111361705935e+00
-1.881881881881881657e-01 3.003423183867948154e+00
-1.781781781781781593e-01 2.890197233896064866e+00
-1.681681681681681528e-01 3.837231196893658769e+00
-1.581581581581581464e-01 3.428685091567252208e+00
-1.481481481481481399e-01 4.006178074233032405e+00
-1.381381381381381335e-01 3.876735367536919163e+00
-1.281281281281281270e-01 3.564110460213683940e+00
-1.181181181181181206e-01 3.114746591981779389e+00
-1.081081081081081141e-01 2.728929503026318759e+00
-9.809809809809810766e-02 3.384943881612640038e+00
-8.808808808808810120e-02 4.181707144461951131e+00
-7.807807807807809475e-02 3.811339129361004829e+00
-6.806806806806808829e-02 2.950454630670704681e+00
-5.805805805805808184e-02 3.816821468423621688e+00
-4.804804804804807539e-02 3.959118355765229857e+00
-3.803803803803806893e-02 3.212628481222262966e+00
-2.802802802802806248e-02 3.850193021525274428e+00
-1.801801801801805603e-02 3.807898204040572665e+00
-8.008008008008049572e-03 3.102205809289613647e+00
2.002002002002178926e-03 4.017675419211973242e+00
1.201201201201218538e-02 4.154488733838959114e+00
2.202202202202219183e-02 4.482863778938199317e+00
3.203203203203219829e-02 4.480329279268989495e+00
4.204204204204220474e-02 3.036461442288808321e+00
5.205205205205221120e-02 3.315383054129004581e+00
6.206206206206221765e-02 4.202114253418288925e+00
7.207207207207222410e-02 4.216379678655433061e+00
8.208208208208223056e-02 4.232151734906751450e+00
9.209209209209223701e-02 6.249777032530970722e+00
1.021021021021022435e-01 4.295687459569053068e+00
1.121121121121122499e-01 4.649507552276527456e+00
1.221221221221222564e-01 4.555584241279104774e+00
1.321321321321322628e-01 4.389032948981676618e+00
1.421421421421422693e-01 3.824051666429005625e+00
1.521521521521522757e-01 4.483609760524188026e+00
1.621621621621622822e-01 3.579548114520699542e+00
1.721721721721722886e-01 3.916167094214252575e+00
1.821821821821822951e-01 3.782055144575810601e+00
1.921921921921923015e-01 4.137412771920081056e+00
2.022022022022023080e-01 5.492098443307408040e+00
2.122122122122123145e-01 2.997959202763269104e+00
2.222222222222223209e-01 4.545089447558041229e+00
2.322322322322323274e-01 3.180718825634556879e+00
2.422422422422423338e-01 3.880204243889702642e+00
2.522522522522523403e-01 4.831748736558797219e+00
2.622622622622623467e-01 4.231961404850670405e+00
2.722722722722723532e-01 3.561761541650824370e+00
2.822822822822823596e-01 3.794241197867441961e+00
2.922922922922923661e-01 4.646197087799243342e+00
3.023023023023023725e-01 3.815233474423171067e+00
3.123123123123123790e-01 4.398343622217653071e+00
3.223223223223223854e-01 4.310826587425771628e+00
3.323323323323323919e-01 3.907538289935007736e+00
3.423423423423423984e-01 5.599879967108708279e+00
3.523523523523524048e-01 4.708879941919335010e+00
3.623623623623624113e-01 3.128457991548978967e+00
3.723723723723724177e-01 4.470431147420214302e+00
3.823823823823824242e-01 3.976501694712540225e+00
3.923923923923924306e-01 4.900048589466322824e+00
4.024024024024024371e-01 3.928091160543982774e+00
4.124124124124124435e-01 4.349776753738479051e+00
4.224224224224224500e-01 4.736626001021907229e+00
4.324324324324324564e-01 4.968101765150720439e+00
4.424424424424424629e-01 3.743485819430197203e+00
4.524524524524524693e-01 4.277977937174108902e+00
4.624624624624624758e-01 4.208726506997119365e+00
4.724724724724724823e-01 4.116711169164481099e+00
4.824824824824824887e-01 5.582996267892381681e+00
4.924924924924924952e-01 4.781727765315311629e+00
5.025025025025025016e-01 3.797223381152726063e+00
5.125125125125125081e-01 5.119485937001633680e+00
5.225225225225225145e-01 5.857077501991362567e+00
5.325325325325325210e-01 5.218277955129486223e+00
5.425425425425425274e-01 3.702191834241405299e+00
5.525525525525525339e-01 4.338288385109077439e+00
5.625625625625625403e-01 5.403990533355816694e+00
5.725725725725725468e-01 4.234257179487589617e+00
5.825825825825825532e-01 4.940165530761610135e+00
5.925925925925925597e-01 5.153669320946490551e+00
6.026026026026025662e-01 4.147745620957053347e+00
6.126126126126125726e-01 4.683203705281838047e+00
6.226226226226225791e-01 2.789173529892489789e+00
6.326326326326325855e-01 4.134316364148374667e+00
6.426426426426425920e-01 4.612423073128066875e+00
6.526526526526525984e-01 4.030309069800068755e+00
6.626626626626626049e-01 5.773440776352974702e+00
6.726726726726726113e-01 3.950924182232628645e+00
6.826826826826826178e-01 4.559997332005832682e+00
6.926926926926926242e-01 4.917483385410693408e+00
7.027027027027026307e-01 5.718818027493722589e+00
7.127127127127126371e-01 4.007551778361404970e+00
7.227227227227226436e-01 5.581982335377059457e+00
7.327327327327326500e-01 4.905238935710850789e+00
7.427427427427426565e-01 4.325208923485343249e+00
7.527527527527526630e-01 5.206391213687091124e+00
7.627627627627626694e-01 5.063579961488225756e+00
7.727727727727726759e-01 4.599029032863881206e+00
7.827827827827826823e-01 5.016055425168184811e+00
7.927927927927926888e-01 4.758001031072132569e+00
8.028028028028026952e-01 5.072314611354951985e+00
8.128128128128127017e-01 5.416497623931846306e+00
8.228228228228227081e-01 5.985844323921444499e+00
8.328328328328327146e-01 4.306559949953139288e+00
8.428428428428427210e-01 6.344084289058023352e+00
8.528528528528527275e-01 3.908026599565777470e+00
8.628628628628627339e-01 5.003223237272943713e+00
8.728728728728727404e-01 5.462299633200053961e+00
8.828828828828827469e-01 5.292919444965343168e+00
8.928928928928927533e-01 4.765719627446982187e+00
9.029029029029027598e-01 5.029481004139988443e+00
9.129129129129127662e-01 4.873568808574068711e+00
9.229229229229227727e-01 4.830765530217856707e+00
9.329329329329327791e-01 5.709160657612013523e+00
9.429429429429427856e-01 5.428623705993442350e+00
9.529529529529527920e-01 4.813683672273036507e+00
9.629629629629627985e-01 5.784204369704394111e+00
9.729729729729728049e-01 5.443839171985423775e+00
9.829829829829828114e-01 5.762191745777849761e+00
9.929929929929928178e-01 5.667266794643656347e+00
1.003003003003002824e+00 4.807107497951260022e+00
1.013013013013012831e+00 4.983410895401337193e+00
1.023023023023022837e+00 5.782910697608490302e+00
1.033033033033032844e+00 5.715771708809627150e+00
1.043043043043042850e+00 5.352023608186074810e+00
1.053053053053052857e+00 5.449976009564847956e+00
1.063063063063062863e+00 6.161193532067648526e+00
1.073073073073072869e+00 5.054666776308110343e+00
1.083083083083082876e+00 5.752883053326645957e+00
1.093093093093092882e+00 5.318324048179301933e+00
1.103103103103102889e+00 5.324045932718321161e+00
1.113113113113112895e+00 6.128935780861983318e+00
1.123123123123122902e+00 5.979934494077501661e+00
1.133133133133132908e+00 5.987805481300082278e+00
1.143143143143142915e+00 6.298001999007310836e+00
1.153153153153152921e+00 5.542332034709383848e+00
1.163163163163162928e+00 5.953916527521721846e+00
1.173173173173172934e+00 5.373599705803685289e+00
1.183183183183182940e+00 5.769274586267838956e+00
1.193193193193192947e+00 5.511703957169178381e+00
1.203203203203202953e+00 5.663002383800434636e+00
1.213213213213213404e+00 5.976914035081968279e+00
1.223223223223223410e+00 5.143902424894751135e+00
1.233233233233233417e+00 6.905282215261125955e+00
1.243243243243243423e+00 5.061254435965043541e+00
1.253253253253253430e+00 4.951366712207240894e+00
1.263263263263263436e+00 6.389761418994935660e+00
1.273273273273273443e+00 6.184907526287671153e+00
1.283283283283283449e+00 6.099396815156217677e+00
1.293293293293293456e+00 6.116947245498507435e+00
1.303303303303303462e+00 5.747606891246806349e+00
1.313313313313313468e+00 5.231617347078470814e+00
1.323323323323323475e+00 5.830467719901220924e+00
1.333333333333333481e+00 5.393702973092732833e+00
1.343343343343343488e+00 6.400086855065665326e+00
1.353353353353353494e+00 5.741795601128746540e+00
1.363363363363363501e+00 5.349746726969537569e+00
1.373373373373373507e+00 5.667228555068263951e+00
1.383383383383383514e+00 6.122833947640449637e+00
1.393393393393393520e+00 5.551855358407705054e+00
1.403403403403403527e+00 5.411772867765246353e+00
1.413413413413413533e+00 6.066332447015267526e+00
1.423423423423423539e+00 6.082115077800368752e+00
1.433433433433433546e+00 5.645984244927472417e+00
1.443443443443443552e+00 5.682542181794171476e+00
1.453453453453453559e+00 6.119410142594762014e+00
1.463463463463463565e+00 5.126344590296800341e+00
1.473473473473473572e+00 5.165731945584276730e+00
1.483483483483483578e+00 5.594158692473762962e+00
1.493493493493493585e+00 5.912171949213131938e+00
1.503503503503503591e+00 6.241799794614057539e+00
1.513513513513513598e+00 6.955484000440001147e+00
1.523523523523523604e+00 6.599881059206496481e+00
1.533533533533533610e+00 6.004337182322244004e+00
1.543543543543543617e+00 6.103905590573702078e+00
1.553553553553553623e+00 5.528812711547645087e+00
1.563563563563563630e+00 6.134237463749911079e+00
1.573573573573573636e+00 5.987165177008277439e+00
1.583583583583583643e+00 6.369006511578228391e+00
1.593593593593593649e+00 5.694051824258996142e+00
1.603603603603603656e+00 6.517013313950108078e+00
1.613613613613613662e+00 7.140063768221966534e+00
1.623623623623623669e+00 6.170179346361320150e+00
1.633633633633633675e+00 6.491477483709815033e+00
1.643643643643643681e+00 6.679551860492132676e+00
1.653653653653653688e+00 6.039748197348978387e+00
1.663663663663663694e+00 6.429950984581744855e+00
1.673673673673673701e+00 6.318065950979587342e+00
1.683683683683683707e+00 6.384131184654823876e+00
1.693693693693693714e+00 5.876734670227260260e+00
1.703703703703703720e+00 6.370261660110920765e+00
1.713713713713713727e+00 6.669369545317840320e+00
1.723723723723723733e+00 7.256271750262610176e+00
1.733733733733733740e+00 6.976163096251724482e+00
1.743743743743743746e+00 7.707525090122548939e+00
1.753753753753753752e+00 5.970222092897800259e+00
1.763763763763763759e+00 6.969038027678052138e+00
1.773773773773773765e+00 6.570665864103671261e+00
1.783783783783783772e+00 7.789557435606278446e+00
1.793793793793793778e+00 6.005711719477599075e+00
1.803803803803803785e+00 6.001872600397240021e+00
1.813813813813813791e+00 6.161085133454307083e+00
1.823823823823823798e+00 5.261398301149851520e+00
1.833833833833833804e+00 6.235297737742294011e+00
1.843843843843843811e+00 6.110286168833546583e+00
1.853853853853853817e+00 6.671017052666504910e+00
1.863863863863863823e+00 6.800849381262090709e+00
1.873873873873873830e+00 7.736513314340341729e+00
1.883883883883883836e+00 7.196080128737455617e+00
1.893893893893893843e+00 6.294698647443398798e+00
1.903903903903903849e+00 6.116807053046840359e+00
1.913913913913913856e+00 6.966022373774773513e+00
1.923923923923923862e+00 5.893745961673499956e+00
1.933933933933933869e+00 7.799776160413512294e+00
1.943943943943943875e+00 7.423579988348687486e+00
1.953953953953953881e+00 6.449425539668107277e+00
1.963963963963963888e+00 5.718065228491418850e+00
1.973973973973973894e+00 7.573284385460208767e+00
1.983983983983983901e+00 6.707252068824404390e+00
1.993993993993993907e+00 7.533680778175067871e+00
2.004004004004004358e+00 5.849349410729386634e+00
2.014014014014014364e+00 6.461396007248757734e+00
2.024024024024024371e+00 6.839182255866946392e+00
2.034034034034034377e+00 6.879239407309897025e+00
2.044044044044044384e+00 6.596026783178520425e+00
2.054054054054054390e+00 7.254791040489580567e+00
2.064064064064064397e+00 6.255523838466539921e+00
2.074074074074074403e+00 6.825683420098335397e+00
2.084084084084084409e+00 6.998303505153265824e+00
2.094094094094094416e+00 7.249804441576390701e+00
2.104104104104104422e+00 7.383125083009490552e+00
2.114114114114114429e+00 6.296385916068450328e+00
2.124124124124124435e+00 6.065717683744813016e+00
2.134134134134134442e+00 7.767807294340307145e+00
2.144144144144144448e+00 7.215604623403971907e+00
2.154154154154154455e+00 6.582139309297299512e+00
2.164164164164164461e+00 7.976937431559759872e+00
2.174174174174174468e+00 7.130666041836976277e+00
2.184184184184184474e+00 7.783854586714572754e+00
2.194194194194194480e+00 7.131802380137356678e+00
2.204204204204204487e+00 8.342755061235498815e+00
2.214214214214214493e+00 8.174525826787244043e+00
2.224224224224224500e+00 6.986957847248892683e+00
2.234234234234234506e+00 7.734293921923964810e+00
2.244244244244244513e+00 7.553591936117455496e+00
2.254254254254254519e+00 8.002560315900790755e+00
2.264264264264264526e+00 6.617442320048334103e+00
2.274274274274274532e+00 7.623042287410474849e+00
2.284284284284284539e+00 7.861481118536179480e+00
2.294294294294294545e+00 6.186197749587573291e+00
2.304304304304304551e+00 6.546501348856991420e+00
2.314314314314314558e+00 6.047932164815411404e+00
2.324324324324324564e+00 7.124842385819752266e+00
2.334334334334334571e+00 7.732026854979078934e+00
2.344344344344344577e+00 8.217930747774133238e+00
2.354354354354354584e+00 7.375988399783397043e+00
2.364364364364364590e+00 8.323715873889321770e+00
2.374374374374374597e+00 6.533500686632627286e+00
2.384384384384384603e+00 6.354547112963484068e+00
2.394394394394394610e+00 7.358262972253620582e+00
2.404404404404404616e+00 7.637045875970191133e+00
2.414414414414414622e+00 7.402004772765166329e+00
2.424424424424424629e+00 6.196171376612710446e+00
2.434434434434434635e+00 7.398179627943978431e+00
2.444444444444444642e+00 6.683984966363754943e+00
2.454454454454454648e+00 7.883485210979705116e+00
2.464464464464464655e+00 7.716655644354805332e+00
2.474474474474474661e+00 6.947783839915298465e+00
2.484484484484484668e+00 7.218406576324710500e+00
2.494494494494494674e+00 6.906213628608370847e+00
2.504504504504504681e+00 7.519149298392854064e+00
2.514514514514514687e+00 8.144857164072515587e+00
2.524524524524524693e+00 6.995351158985460671e+00
2.534534534534534700e+00 7.904229711112508383e+00
2.544544544544544706e+00 7.298662245793352099e+00
2.554554554554554713e+00 7.156108132474425787e+00
2.564564564564564719e+00 7.582628630874111764e+00
2.574574574574574726e+00 7.040716468410237461e+00
2.584584584584584732e+00 7.344687293668568095e+00
2.594594594594594739e+00 6.973165156338582804e+00
2.604604604604604745e+00 8.885741986656739755e+00
2.614614614614614752e+00 7.743080053104959504e+00
2.624624624624624758e+00 7.317101632141385537e+00
2.634634634634634764e+00 7.880339898392485054e+00
2.644644644644644771e+00 7.699570137152469407e+00
2.654654654654654777e+00 7.649400222262048743e+00
2.664664664664664784e+00 8.165497017023051640e+00
2.674674674674674790e+00 8.266516638040394938e+00
2.684684684684684797e+00 7.508726338460710359e+00
2.694694694694694803e+00 7.496551097655234308e+00
2.704704704704704810e+00 7.692026038766070606e+00
2.714714714714714816e+00 6.490919373230720879e+00
2.724724724724724823e+00 6.977972449767955609e+00
2.734734734734734829e+00 8.722226662568816735e+00
2.744744744744744835e+00 8.904097745217887550e+00
2.754754754754754842e+00 7.782710508398305471e+00
2.764764764764764848e+00 8.293081324980606794e+00
2.774774774774774855e+00 8.148912254888283968e+00
2.784784784784784861e+00 9.824505662250320626e+00
2.794794794794794868e+00 8.663937139052938718e+00
2.804804804804804874e+00 7.930456652318746968e+00
2.814814814814814881e+00 7.448897957861966290e+00
2.824824824824824887e+00 7.073369445082693829e+00
2.834834834834834894e+00 8.174330433772585280e+00
2.844844844844844900e+00 7.613456820096685007e+00
2.854854854854854906e+00 7.228930056523677372e+00
2.864864864864864913e+00 7.709353566751781628e+00
2.874874874874874919e+00 7.463383510143675181e+00
2.884884884884884926e+00 9.139612308370866245e+00
2.894894894894894932e+00 8.671326196512012530e+00
2.904904904904904939e+00 8.152573772567386357e+00
2.914914914914914945e+00 9.060338855706387307e+00
2.924924924924924952e+00 8.233808371975957385e+00
2.934934934934934958e+00 7.685631881605443638e+00
2.944944944944944965e+00 9.131291863779210871e+00
2.954954954954954971e+00 8.555778458643226614e+00
2.964964964964964977e+00 7.625099754851573763e+00
2.974974974974974984e+00 8.148259255612297025e+00
2.984984984984984990e+00 7.752106525446622598e+00
2.994994994994994997e+00 7.462812653913890593e+00
3.005005005005005003e+00 8.863214036026491272e+00
3.015015015015015010e+00 9.468172506804600985e+00
3.025025025025025016e+00 7.498396993246053022e+00
3.035035035035035023e+00 8.690334094566894763e+00
3.045045045045045029e+00 7.977182026094471468e+00
3.055055055055055035e+00 8.090307352323764079e+00
3.065065065065065042e+00 8.042161243054275488e+00
3.075075075075075048e+00 7.894218150804722889e+00
3.085085085085085055e+00 8.456740604394523686e+00
3.095095095095095061e+00 7.944072572796019749e+00
3.105105105105105068e+00 8.619931753125561258e+00
3.115115115115115074e+00 8.442529807003190001e+00
3.125125125125125081e+00 8.344318859567842139e+00
3.135135135135135087e+00 7.958164505477744122e+00
3.145145145145145094e+00 8.171654919376717174e+00
3.155155155155155100e+00 8.985967468228185595e+00
3.165165165165165106e+00 8.848298060322376202e+00
3.175175175175175113e+00 7.976229615883632107e+00
3.185185185185185119e+00 8.637377161035313833e+00
3.195195195195195126e+00 9.043625066815865310e+00
3.205205205205205132e+00 7.606164639134984640e+00
3.215215215215215139e+00 8.948838938250784025e+00
3.225225225225225145e+00 8.240263582470330306e+00
3.235235235235235152e+00 8.995212054008748126e+00
3.245245245245245158e+00 8.209912373942357178e+00
3.255255255255255165e+00 7.599953622484171056e+00
3.265265265265265171e+00 7.721372435167999981e+00
3.275275275275275177e+00 8.741763880909742213e+00
3.285285285285285184e+00 8.883761428960816886e+00
3.295295295295295190e+00 8.200352967880297328e+00
3.305305305305305197e+00 9.141113433224381524e+00
3.315315315315315203e+00 7.776060935611596392e+00
3.325325325325325210e+00 8.748340108799597559e+00
3.335335335335335216e+00 8.076393283145529622e+00
3.345345345345345223e+00 8.426916353336721954e+00
3.355355355355355229e+00 8.861472235822880350e+00
3.365365365365365236e+00 8.331800028877676567e+00
3.375375375375375242e+00 8.632329736525168329e+00
3.385385385385385248e+00 9.481853763606741481e+00
3.395395395395395255e+00 8.546957971379203656e+00
3.405405405405405261e+00 9.409523375347193408e+00
3.415415415415415268e+00 8.245299010328551503e+00
3.425425425425425274e+00 9.256020644887307469e+00
3.435435435435435281e+00 9.818094325547892964e+00
3.445445445445445287e+00 7.485181468091794521e+00
3.455455455455455294e+00 8.505046029900896087e+00
3.465465465465465300e+00 9.344441474506520962e+00
3.475475475475475307e+00 8.891385981587417220e+00
3.485485485485485313e+00 9.250915752251012592e+00
3.495495495495495319e+00 8.680852131213750766e+00
3.505505505505505326e+00 9.110212130741997427e+00
3.515515515515515332e+00 8.979866932038024885e+00
3.525525525525525339e+00 9.788957525284171624e+00
3.535535535535535345e+00 9.255955809284030167e+00
3.545545545545545352e+00 9.320879915563439866e+00
3.555555555555555358e+00 8.886207153659851699e+00
3.565565565565565365e+00 8.855784613904852165e+00
3.575575575575575371e+00 8.903828450671589678e+00
3.585585585585585378e+00 9.415049663805355351e+00
3.595595595595595384e+00 8.940802704901235742e+00
3.605605605605605390e+00 9.382273322546256011e+00
3.615615615615615397e+00 1.046866390261068602e+01
3.625625625625625403e+00 9.761113260497452870e+00
3.635635635635635410e+00 9.057839334152747668e+00
3.645645645645645416e+00 9.989196821766835654e+00
3.655655655655655423e+00 9.038638259670552344e+00
3.665665665665665429e+00 8.075623777391784941e+00
3.675675675675675436e+00 8.708661726963070393e+00
3.685685685685685442e+00 8.206053375913015202e+00
3.695695695695695449e+00 9.132635453118757241e+00
3.705705705705705455e+00 9.369609586072289886e+00
3.715715715715715461e+00 1.037943596093874277e+01
3.725725725725725468e+00 9.584745012847085022e+00
3.735735735735735474e+00 9.272143286318284439e+00
3.745745745745745481e+00 9.916261967328711791e+00
3.755755755755755487e+00 8.106952448228902597e+00
3.765765765765765494e+00 9.590017383513787408e+00
3.775775775775775500e+00 9.926182779995842864e+00
3.785785785785785507e+00 8.591526931210772489e+00
3.795795795795795513e+00 1.017994611961785090e+01
3.805805805805805520e+00 9.711806553205356352e+00
3.815815815815815526e+00 9.274550975383242246e+00
3.825825825825825532e+00 9.918407858402508381e+00
3.835835835835835539e+00 1.091616946843639013e+01
3.845845845845845545e+00 9.677888521803865274e+00
3.855855855855855552e+00 9.732716135563984849e+00
3.865865865865865558e+00 9.323182259074652478e+00
3.875875875875875565e+00 9.103907192134938597e+00
3.885885885885885571e+00 1.012703031875537540e+01
3.895895895895895578e+00 9.130193548298523254e+00
3.905905905905905584e+00 9.701798601190493088e+00
3.915915915915915591e+00 9.387279405814803468e+00
3.925925925925925597e+00 9.976276784336723935e+00
3.935935935935935603e+00 9.904101167076072798e+00
3.945945945945945610e+00 1.034144288547365775e+01
3.955955955955955616e+00 9.427924094621085160e+00
3.965965965965965623e+00 9.587023987772925082e+00
3.975975975975975629e+00 9.176705734494579048e+00
3.985985985985985636e+00 9.512403022933311192e+00
3.995995995995995642e+00 1.002037428982090361e+01
4.006006006006005649e+00 1.026320217899622023e+01
4.016016016016015655e+00 9.270724829517448029e+00
4.026026026026025662e+00 1.036080259110243418e+01
4.036036036036035668e+00 1.066743676933702467e+01
4.046046046046045674e+00 1.011713001100328846e+01
4.056056056056055681e+00 1.101016157161892295e+01
4.066066066066065687e+00 9.434825579636955339e+00
4.076076076076075694e+00 9.167321292127263987e+00
4.086086086086085700e+00 8.861896979786560991e+00
4.096096096096095707e+00 1.084177073103765387e+01
4.106106106106105713e+00 1.035177855297159333e+01
4.116116116116115720e+00 9.940823371627899974e+00
4.126126126126125726e+00 1.015717036498108072e+01
4.136136136136135732e+00 9.328910775825177026e+00
4.146146146146145739e+00 1.148667040698931352e+01
4.156156156156155745e+00 1.011176694341937043e+01
4.166166166166165752e+00 1.011488612601218406e+01
4.176176176176175758e+00 1.049972423860347881e+01
4.186186186186185765e+00 1.036788481832130593e+01
4.196196196196195771e+00 1.022862470886177277e+01
4.206206206206205778e+00 9.635024636042121671e+00
4.216216216216215784e+00 1.040720533860592134e+01
4.226226226226225791e+00 1.126855403722435867e+01
4.236236236236235797e+00 1.096160638204733928e+01
4.246246246246245803e+00 1.112528134535300595e+01
4.256256256256255810e+00 9.877654978525672647e+00
4.266266266266265816e+00 9.605636507244250666e+00
4.276276276276275823e+00 1.013894226235462526e+01
4.286286286286285829e+00 1.026286437680264463e+01
4.296296296296295836e+00 1.090095935552701256e+01
4.306306306306305842e+00 9.243980681630567631e+00
4.316316316316315849e+00 1.119220466615084142e+01
4.326326326326325855e+00 1.019468475034209476e+01
4.336336336336335862e+00 1.004837586253605153e+01
4.346346346346345868e+00 9.712256894363417103e+00
4.356356356356355874e+00 9.341620531415070872e+00
4.366366366366365881e+00 1.084345189992669667e+01
4.376376376376375887e+00 1.040855534487760536e+01
4.386386386386385894e+00 9.605603039734946336e+00
4.396396396396395900e+00 9.617547331356423257e+00
4.406406406406405907e+00 1.020813879003553204e+01
4.416416416416416801e+00 1.142603753979825854e+01
4.426426426426426808e+00 1.028388482882147770e+01
4.436436436436436814e+00 9.552768882783789550e+00
4.446446446446446821e+00 1.032222383121810338e+01
4.456456456456456827e+00 1.032105054283608148e+01
4.466466466466466834e+00 8.881567713934757080e+00
4.476476476476476840e+00 1.048213779480402685e+01
4.486486486486486847e+00 1.039116901160452322e+01
4.496496496496496853e+00 1.096246856363279498e+01
4.506506506506506859e+00 1.166913341672696802e+01
4.516516516516516866e+00 1.125071379250342751e+01
4.526526526526526872e+00 1.042845657545689164e+01
4.536536536536536879e+00 9.940889259559801516e+00
4.546546546546546885e+00 1.216383570176973627e+01
4.556556556556556892e+00 1.067036589524352763e+01
4.566566566566566898e+00 1.065820742499761842e+01
4.576576576576576905e+00 1.065038981259886164e+01
4.586586586586586911e+00 1.079873073634059466e+01
4.596596596596596918e+00 1.060827864774052820e+01
4.606606606606606924e+00 1.036571270578176929e+01
4.616616616616616930e+00 1.039680956018068869e+01
4.626626626626626937e+00 1.072028797781034193e+01
4.636636636636636943e+00 1.042890009227469506e+01
4.646646646646646950e+00 1.034226250036367212e+01
4.656656656656656956e+00 1.084884312160012243e+01
4.666666666666666963e+00 1.064701366954748707e+01
4.676676676676676969e+00 1.171741080816462599e+01
4.686686686686686976e+00 9.239448144994224066e+00
4.696696696696696982e+00 1.149994915619852165e+01
4.706706706706706989e+00 1.160771117555863796e+01
4.716716716716716995e+00 9.631040935630183597e+00
4.726726726726727001e+00 1.068447753364188202e+01
4.736736736736737008e+00 1.068224058550762834e+01
4.746746746746747014e+00 1.007561310328942739e+01
4.756756756756757021e+00 1.046844512258060966e+01
4.766766766766767027e+00 1.028380464287065266e+01
4.776776776776777034e+00 1.201652743121933753e+01
4.786786786786787040e+00 1.154158721606865790e+01
4.796796796796797047e+00 1.175812825219168900e+01
4.806806806806807053e+00 1.144321344863615231e+01
4.816816816816817060e+00 1.034779416249488726e+01
4.826826826826827066e+00 1.072552808047237605e+01
4.836836836836837072e+00 1.134887999199200515e+01
4.846846846846847079e+00 1.033699358493510445e+01
4.856856856856857085e+00 1.151308434338871756e+01
4.866866866866867092e+00 1.095610506140542029e+01
4.876876876876877098e+00 1.089042283078555506e+01
4.886886886886887105e+00 1.155690631125242618e+01
4.896896896896897111e+00 1.141190333223696740e+01
4.906906906906907118e+00 1.094378066086891366e+01
4.916916916916917124e+00 1.187097325739392240e+01
4.926926926926927131e+00 1.054175239383045337e+01
4.936936936936937137e+00 1.157496676957196158e+01
4.946946946946947143e+00 1.157628117520145139e+01
4.956956956956957150e+00 1.104970757184704055e+01
4.966966966966967156e+00 1.144613026379572140e+01
4.976976976976977163e+00 1.051479731963428321e+01
4.986986986986987169e+00 1.183489669200462124e+01
4.996996996996997176e+00 1.118455421362970093e+01
5.007007007007007182e+00 1.099687669819908820e+01
5.017017017017017189e+00 1.195493106102765779e+01
5.027027027027027195e+00 1.091793432621488513e+01
5.037037037037037202e+00 1.051047877773741845e+01
5.047047047047047208e+00 1.043659306645622920e+01
5.057057057057057214e+00 1.174919155639296875e+01
5.067067067067067221e+00 1.063234298910283115e+01
5.077077077077077227e+00 1.246849212480623237e+01
5.087087087087087234e+00 1.018147298590039718e+01
5.097097097097097240e+00 1.246351946661966714e+01
5.107107107107107247e+00 1.158727114098223154e+01
5.117117117117117253e+00 1.141764780855343808e+01
5.127127127127127260e+00 1.116373923860532180e+01
5.137137137137137266e+00 1.174518737431694682e+01
5.147147147147147273e+00 1.149813989926581215e+01
5.157157157157157279e+00 1.219771686494564733e+01
5.167167167167167285e+00 1.161928733994797547e+01
5.177177177177177292e+00 1.165594682264289084e+01
5.187187187187187298e+00 1.136261345345246809e+01
5.197197197197197305e+00 1.156162842156315484e+01
5.207207207207207311e+00 1.179549187214604622e+01
5.217217217217217318e+00 1.059972479023184988e+01
5.227227227227227324e+00 1.083192958757741309e+01
5.237237237237237331e+00 1.210181431226948412e+01
5.247247247247247337e+00 1.177339013374763610e+01
5.257257257257257343e+00 1.157549588407427699e+01
5.267267267267267350e+00 1.171196126074013755e+01
5.277277277277277356e+00 1.192446493913291761e+01
5.287287287287287363e+00 1.140707512274531510e+01
5.297297297297297369e+00 1.127896311070455759e+01
5.307307307307307376e+00 1.187846811401957048e+01
5.317317317317317382e+00 1.118895230940695562e+01
5.327327327327327389e+00 1.203594264441967354e+01
5.337337337337337395e+00 1.078445584346330044e+01
5.347347347347347402e+00 1.243851440341640746e+01
5.357357357357357408e+00 1.211959452548386018e+01
5.367367367367367414e+00 1.200466889163937623e+01
5.377377377377377421e+00 1.245568065643337263e+01
5.387387387387387427e+00 1.288036574775862775e+01
5.397397397397397434e+00 1.250471813510697316e+01
5.407407407407407440e+00 1.080658657231212416e+01
5.417417417417417447e+00 1.115837994608470396e+01
5.427427427427427453e+00 1.156624999452373359e+01
5.437437437437437460e+00 1.197181078628265460e+01
5.447447447447447466e+00 1.228176658345264549e+01
5.457457457457457473e+00 1.155073989829410586e+01
5.467467467467467479e+00 1.211326125988744806e+01
5.477477477477477485e+00 1.156298645680422155e+01
5.487487487487487492e+00 1.166432054943606289e+01
5.497497497497497498e+00 1.120224958813731142e+01
5.507507507507507505e+00 1.150732131359471921e+01
5.517517517517517511e+00 1.126526551290647404e+01
5.527527527527527518e+00 1.150576733950489228e+01
5.537537537537537524e+00 1.273849138427100769e+01
5.547547547547547531e+00 1.155168198802215507e+01
5.557557557557557537e+00 1.371576557523876971e+01
5.567567567567567544e+00 1.244734209187988583e+01
5.577577577577577550e+00 1.227726804058328902e+01
5.587587587587587556e+00 1.166636671327265340e+01
5.597597597597597563e+00 1.261658232404179003e+01
5.607607607607607569e+00 1.186602871566874740e+01
5.617617617617617576e+00 1.229963231521364087e+01
5.627627627627627582e+00 1.377749216440271773e+01
5.637637637637637589e+00 1.219882051662166411e+01
5.647647647647647595e+00 1.296103546724287625e+01
5.657657657657657602e+00 1.186458063141095209e+01
5.667667667667667608e+00 1.228050840720332459e+01
5.677677677677677615e+00 1.337899689789782087e+01
5.687687687687687621e+00 1.195535129685887199e+01
5.697697697697697627e+00 1.343401568134470203e+01
5.707707707707707634e+00 1.278621272283484700e+01
5.717717717717717640e+00 1.203909651104001455e+01
5.727727727727727647e+00 1.277103623502490493e+01
5.737737737737737653e+00 1.299013927638264221e+01
5.747747747747747660e+00 1.279470759895193943e+01
5.757757757757757666e+00 1.149450180470236127e+01
5.767767767767767673e+00 1.201536934615673147e+01
5.777777777777777679e+00 1.231815548533576177e+01
5.787787787787787686e+00 1.243702162422165358e+01
5.797797797797797692e+00 1.286909995522710126e+01
5.807807807807807698e+00 1.261833231227166330e+01
5.817817817817817705e+00 1.172552011150066420e+01
5.827827827827827711e+00 1.276986045234531986e+01
5.837837837837837718e+00 1.292310820392704862e+01
5.847847847847847724e+00 1.290764604053039655e+01
5.857857857857857731e+00 1.323525522211955874e+01
5.867867867867867737e+00 1.310215509453114358e+01
5.877877877877877744e+00 1.289232486435387770e+01
5.887887887887887750e+00 1.258973240495664392e+01
5.897897897897897757e+00 1.165027028673724985e+01
5.907907907907907763e+00 1.291963279334141390e+01
5.917917917917917769e+00 1.280148948917474172e+01
5.927927927927927776e+00 1.285483919420911647e+01
5.937937937937937782e+00 1.194085776141471911e+01
5.947947947947947789e+00 1.207328799767696381e+01
5.957957957957957795e+00 1.336882864893667744e+01
5.967967967967967802e+00 1.272821885963795907e+01
5.977977977977977808e+00 1.317586738539053925e+01
5.987987987987987815e+00 1.279897300766025836e+01
5.997997997997997821e+00 1.281485068069444111e+01
6.008008008008008716e+00 1.337498229559761143e+01
6.018018018018018722e+00 1.251740019009660365e+01
6.028028028028028729e+00 1.289971450820663179e+01
6.038038038038038735e+00 1.257969188383403392e+01
6.048048048048048742e+00 1.261137433561268217e+01
6.058058058058058748e+00 1.270158381300590555e+01
6.068068068068068754e+00 1.303538236508232906e+01
6.078078078078078761e+00 1.262986794411903269e+01
6.088088088088088767e+00 1.368558580747624376e+01
6.098098098098098774e+00 1.241038276581544686e+01
6.108108108108108780e+00 1.285003917566534604e+01
6.118118118118118787e+00 1.271333854221267323e+01
6.128128128128128793e+00 1.386037892280443273e+01
6.138138138138138800e+00 1.312514007311415298e+01
6.148148148148148806e+00 1.364132894590340328e+01
6.158158158158158813e+00 1.214590101341505601e+01
6.168168168168168819e+00 1.321248241177380756e+01
6.178178178178178825e+00 1.360104574464133087e+01
6.188188188188188832e+00 1.313165267584753693e+01
6.198198198198198838e+00 1.373658552233650987e+01
6.208208208208208845e+00 1.280193924225208946e+01
6.218218218218218851e+00 1.397293579143867603e+01
6.228228228228228858e+00 1.452168121651389221e+01
6.238238238238238864e+00 1.293965422109356389e+01
6.248248248248248871e+00 1.290507085953190902e+01
6.258258258258258877e+00 1.405941807365801033e+01
6.268268268268268884e+00 1.415014568984082999e+01
6.278278278278278890e+00 1.290370140112545805e+01
6.288288288288288896e+00 1.298032034217491848e+01
6.298298298298298903e+00 1.307837668213114490e+01
6.308308308308308909e+00 1.245579215584189647e+01
6.318318318318318916e+00 1.272628630958696050e+01
6.328328328328328922e+00 1.269000803244125208e+01
6.338338338338338929e+00 1.284682896844503119e+01
6.348348348348348935e+00 1.330171159009045390e+01
6.358358358358358942e+00 1.347806637705945043e+01
6.368368368368368948e+00 1.428285284824099932e+01
6.378378378378378954e+00 1.276855514312429385e+01
6.388388388388388961e+00 1.397317602166853234e+01
6.398398398398398967e+00 1.326920429106229449e+01
6.408408408408408974e+00 1.338293438682115344e+01
6.418418418418418980e+00 1.383251932292759179e+01
6.428428428428428987e+00 1.276900942970526387e+01
6.438438438438438993e+00 1.368710350536808917e+01
6.448448448448449000e+00 1.357254399760050667e+01
6.458458458458459006e+00 1.378315844609257823e+01
6.468468468468469013e+00 1.367620388904739315e+01
6.478478478478479019e+00 1.499089780166425534e+01
6.488488488488489025e+00 1.315008874218194279e+01
6.498498498498499032e+00 1.322914957474665876e+01
6.508508508508509038e+00 1.318887844690790345e+01
6.518518518518519045e+00 1.324449150628162641e+01
6.528528528528529051e+00 1.321036051640888154e+01
6.538538538538539058e+00 1.432121772647234081e+01
6.548548548548549064e+00 1.447512537161673585e+01
6.558558558558559071e+00 1.329539006158815440e+01
6.568568568568569077e+00 1.315343950899031533e+01
6.578578578578579084e+00 1.395071720169971208e+01
6.588588588588589090e+00 1.335154905631429934e+01
6.598598598598599096e+00 1.407765698855120640e+01
6.608608608608609103e+00 1.383466672542369302e+01
6.618618618618619109e+00 1.281848145892958968e+01
6.628628628628629116e+00 1.467144606374098004e+01
6.638638638638639122e+00 1.483548456181527264e+01
6.648648648648649129e+00 1.340529975868234125e+01
6.658658658658659135e+00 1.355536705202639958e+01
6.668668668668669142e+00 1.397452223743794519e+01
6.678678678678679148e+00 1.401869209201023381e+01
6.688688688688689155e+00 1.422815959663673091e+01
6.698698698698699161e+00 1.505417077130785941e+01
6.708708708708709167e+00 1.375689472656663348e+01
6.718718718718719174e+00 1.339909973135500643e+01
6.728728728728729180e+00 1.306550155628437615e+01
6.738738738738739187e+00 1.346955008414295740e+01
6.748748748748749193e+00 1.390324693939884426e+01
6.758758758758759200e+00 1.501487285624881274e+01
6.768768768768769206e+00 1.364258637373145078e+01
6.778778778778779213e+00 1.410244093915150820e+01
6.788788788788789219e+00 1.397332944553953205e+01
6.798798798798799226e+00 1.471123416226705061e+01
6.808808808808809232e+00 1.552937266873738587e+01
6.818818818818819238e+00 1.370970696447603743e+01
6.828828828828829245e+00 1.374957957773230888e+01
6.838838838838839251e+00 1.468475478449970240e+01
6.848848848848849258e+00 1.448240816704906031e+01
6.858858858858859264e+00 1.519631268372990895e+01
6.868868868868869271e+00 1.445366021449888194e+01
6.878878878878879277e+00 1.390274306384608316e+01
6.888888888888889284e+00 1.448772623174871832e+01
6.898898898898899290e+00 1.481357049669809456e+01
6.908908908908909297e+00 1.465565267208178213e+01
6.918918918918919303e+00 1.448274279704275891e+01
6.928928928928929309e+00 1.483339820714688528e+01
6.938938938938939316e+00 1.490998576267581299e+01
6.948948948948949322e+00 1.505271881804593903e+01
6.958958958958959329e+00 1.462766437099222472e+01
6.968968968968969335e+00 1.415318260526334093e+01
6.978978978978979342e+00 1.435649668032846371e+01
6.988988988988989348e+00 1.500738886338849731e+01
6.998998998998999355e+00 1.380833709590615754e+01
7.009009009009009361e+00 1.453471749883725295e+01
7.019019019019019368e+00 1.409252524113211358e+01
7.029029029029029374e+00 1.436079043730443416e+01
7.039039039039039380e+00 1.512562967612293896e+01
7.049049049049049387e+00 1.448823301438551425e+01
7.059059059059059393e+00 1.441645051748227857e+01
7.069069069069069400e+00 1.358768991901565215e+01
7.079079079079079406e+00 1.486637075823495202e+01
7.089089089089089413e+00 1.482092414231827782e+01
7.099099099099099419e+00 1.574660148263192561e+01
7.109109109109109426e+00 1.427899672269186304e+01
7.119119119119119432e+00 1.461016887527704355e+01
7.129129129129129439e+00 1.464332390392014638e+01
7.139139139139139445e+00 1.545518067656679406e+01
7.149149149149149451e+00 1.446654640429155236e+01
7.159159159159159458e+00 1.470615165420094428e+01
7.169169169169169464e+00 1.491849165958367607e+01
7.179179179179179471e+00 1.468073424266258442e+01
7.189189189189189477e+00 1.431592361505346567e+01
7.199199199199199484e+00 1.471525279453778445e+01
7.209209209209209490e+00 1.525799286372967600e+01
7.219219219219219497e+00 1.401291964918219435e+01
7.229229229229229503e+00 1.472362564833196963e+01
7.239239239239239510e+00 1.423878636989535629e+01
7.249249249249249516e+00 1.539090185122877941e+01
7.259259259259259522e+00 1.377497674601862521e+01
7.269269269269269529e+00 1.436855079554094949e+01
7.279279279279279535e+00 1.494524604395763312e+01
7.289289289289289542e+00 1.567324835147453754e+01
7.299299299299299548e+00 1.470949879230515656e+01
7.309309309309309555e+00 1.443084424794804477e+01
7.319319319319319561e+00 1.590767322064333378e+01
7.329329329329329568e+00 1.392518565374424711e+01
7.339339339339339574e+00 1.348972543503696109e+01
7.349349349349349581e+00 1.508803269405602343e+01
7.359359359359359587e+00 1.453780650442747380e+01
7.369369369369369593e+00 1.424131436377562565e+01
7.379379379379379600e+00 1.529408293744868175e+01
7.389389389389389606e+00 1.503036451234680193e+01
7.399399399399399613e+00 1.456065192065706349e+01
7.409409409409409619e+00 1.414593147491157765e+01
7.419419419419419626e+00 1.545260352609721721e+01
7.429429429429429632e+00 1.533426485091933955e+01
7.439439439439439639e+00 1.489965364089153077e+01
7.449449449449449645e+00 1.608215637180277469e+01
7.459459459459459651e+00 1.434713832939349842e+01
7.469469469469469658e+00 1.408888910164936092e+01
7.479479479479479664e+00 1.460407437729047331e+01
7.489489489489489671e+00 1.500688262442093546e+01
7.499499499499499677e+00 1.519525291884286489e+01
7.509509509509509684e+00 1.491952262955046571e+01
7.519519519519519690e+00 1.529051251718785842e+01
7.529529529529529697e+00 1.434337063978002647e+01
7.539539539539539703e+00 1.597556807175326554e+01
7.549549549549549710e+00 1.507503361728878133e+01
7.559559559559559716e+00 1.580971683829221774e+01
7.569569569569569722e+00 1.535998956218097611e+01
7.579579579579579729e+00 1.544342130086164033e+01
7.589589589589589735e+00 1.552624475252370573e+01
7.599599599599599742e+00 1.546802453540978917e+01
7.609609609609609748e+00 1.560004807033494068e+01
7.619619619619619755e+00 1.602692094750888785e+01
7.629629629629629761e+00 1.536235714626532634e+01
7.639639639639639768e+00 1.568486171401256790e+01
7.649649649649649774e+00 1.522063305790213761e+01
7.659659659659659781e+00 1.615355981875917379e+01
7.669669669669669787e+00 1.489866912326894166e+01
7.679679679679679793e+00 1.640008377926600858e+01
7.689689689689689800e+00 1.531043976414792773e+01
7.699699699699699806e+00 1.449108448827872131e+01
7.709709709709709813e+00 1.544142721351103731e+01
7.719719719719719819e+00 1.497094858509465176e+01
7.729729729729729826e+00 1.589898072398782780e+01
7.739739739739739832e+00 1.501803522202817653e+01
7.749749749749749839e+00 1.515691456469575549e+01
7.759759759759759845e+00 1.430591520107232206e+01
7.769769769769769852e+00 1.518327086310520713e+01
7.779779779779779858e+00 1.401534207369229712e+01
7.789789789789789864e+00 1.453434299059324886e+01
7.799799799799799871e+00 1.595594849338627874e+01
7.809809809809809877e+00 1.598619480990521247e+01
7.819819819819819884e+00 1.578500426680071023e+01
7.829829829829829890e+00 1.496455905886721638e+01
7.839839839839839897e+00 1.553113294607457284e+01
7.849849849849849903e+00 1.557261325132043339e+01
7.859859859859859910e+00 1.489477097627426438e+01
7.869869869869869916e+00 1.650684378586509382e+01
7.879879879879879923e+00 1.614623719416522363e+01
7.889889889889889929e+00 1.550225633053703511e+01
7.899899899899899935e+00 1.566598135324656837e+01
7.909909909909909942e+00 1.578989454963339512e+01
7.919919919919919948e+00 1.445483895882530589e+01
7.929929929929929955e+00 1.554658846538253592e+01
7.939939939939939961e+00 1.530071936111123065e+01
7.949949949949949968e+00 1.512395291898797467e+01
7.959959959959959974e+00 1.557127976420836823e+01
7.969969969969969981e+00 1.683356687106466865e+01
7.979979979979979987e+00 1.615447568673017642e+01
7.989989989989989994e+00 1.544227759111530673e+01
8.000000000000000000e+00 1.614354966881369435e+01
